0 0.173611 0.188281 0.138889 0.067187
0 0.292361 0.173828 0.115278 0.057031
0 0.364583 0.138281 0.101389 0.078125
0 0.459722 0.143750 0.116667 0.054688
0 0.547917 0.154688 0.098611 0.092188
0 0.456944 0.202734 0.094444 0.057031
0 0.567361 0.221094 0.093056 0.071875
0 0.652083 0.229687 0.087500 0.073438
0 0.741667 0.256250 0.102778 0.065625
0 0.106944 0.254688 0.113889 0.075000
0 0.200000 0.243359 0.119444 0.061719
0 0.365972 0.230469 0.098611 0.059375
0 0.240278 0.308594 0.130556 0.062500
0 0.372222 0.293750 0.138889 0.060937
0 0.493750 0.257031 0.109722 0.085938
0 0.588889 0.285547 0.097222 0.050781
0 0.682639 0.303125 0.101389 0.070312
0 0.793056 0.302344 0.125000 0.059375
0 0.102778 0.335938 0.133333 0.081250
0 0.147222 0.405078 0.141667 0.072656
0 0.218750 0.384375 0.098611 0.085938
0 0.289583 0.359766 0.093056 0.091406
0 0.369444 0.356250 0.116667 0.071875
0 0.485417 0.361328 0.098611 0.058594
0 0.576389 0.338281 0.116667 0.060937
0 0.655556 0.375000 0.105556 0.073438
0 0.753472 0.352344 0.101389 0.057813
0 0.847917 0.382031 0.109722 0.068750
0 0.743750 0.421875 0.087500 0.075000
0 0.797222 0.462500 0.122222 0.054688
0 0.316667 0.441797 0.102778 0.066406
0 0.461111 0.401953 0.119444 0.047656
0 0.560417 0.421875 0.106944 0.056250
0 0.229861 0.484766 0.104167 0.050781
0 0.646528 0.428125 0.093056 0.056250
0 0.702083 0.483203 0.106944 0.057031
0 0.818750 0.532031 0.090278 0.081250
0 0.624306 0.511719 0.087500 0.070312
0 0.714583 0.556641 0.104167 0.089844
0 0.752083 0.596484 0.093056 0.057031
0 0.861111 0.603516 0.108333 0.061719
0 0.556250 0.482422 0.109722 0.052344
0 0.505556 0.507031 0.127778 0.054688
0 0.427083 0.462500 0.118056 0.057813
0 0.376389 0.515625 0.119444 0.071875
0 0.262500 0.540625 0.130556 0.060937
0 0.139583 0.570312 0.126389 0.059375
0 0.327778 0.584375 0.113889 0.056250
0 0.091667 0.638672 0.122222 0.055469
0 0.179167 0.624219 0.083333 0.075000
0 0.271528 0.635156 0.095833 0.078125
0 0.458333 0.563672 0.119444 0.064844
0 0.563889 0.556641 0.136111 0.053906
0 0.620139 0.587500 0.068056 0.068750
0 0.126389 0.694531 0.113889 0.053125
0 0.134028 0.761719 0.115278 0.065625
0 0.228472 0.705469 0.095833 0.062500
0 0.327778 0.733594 0.113889 0.089063
0 0.397222 0.847656 0.111111 0.081250
0 0.383333 0.788672 0.111111 0.064844
0 0.345833 0.666797 0.127778 0.060156
0 0.440278 0.627344 0.105556 0.068750
0 0.545833 0.623047 0.113889 0.058594
0 0.461111 0.742969 0.130556 0.060937
0 0.484722 0.678516 0.127778 0.061719
0 0.661111 0.636328 0.100000 0.057031
0 0.805556 0.654687 0.083333 0.065625
0 0.750694 0.685156 0.084722 0.081250
0 0.840972 0.703906 0.090278 0.065625
0 0.595833 0.677734 0.100000 0.063281
0 0.678472 0.705469 0.093056 0.059375
0 0.541667 0.792578 0.122222 0.060156
0 0.553472 0.735156 0.104167 0.048438
0 0.724306 0.760938 0.084722 0.070312
0 0.655556 0.809375 0.100000 0.075000
